pd0: -0.0325531  -0.0556577
dot0: 299.489  182.337
pd1: 0.0968074  -0.0538171
dot1: 431.066  184.208
pd2: 0.0947602  0.075323
dot2: 428.984  315.506
pd3: -0.0339677  0.0738526
dot3: 298.05  314.011



理想位置其次变换矩阵:cto
0.9992263302  0.004501553327  0.03907015675  -0.04015600865
-0.0003224189761  0.9943321037  -0.1063182184  0.006257735766
-0.03932730828  0.1062233663  0.9935642703  0.6342260264
0  0  0  1

当前位置其次变换矩阵:c1to
0.9656238248  0.259912734  0.00399996914  -0.05973879179
-0.2580643554  0.9603766579  -0.1052590304  0.03254083422
-0.03119963935  0.100608378  0.9944367938  0.6329095078
0  0  0  1


理想位置其次变换矩阵:
0.9991780844  0.003740961692  0.04036286439  -0.04657510515
0.0005374775489  0.9944221829  -0.1054714809  0.006428594252
-0.04053229249  0.1054064863  0.9936028411  0.6321370671
0  0  0  1

当前位置其次变换矩阵:
0.9654446338  0.2605918324  -0.002925058252  -0.06516545074
-0.2594893571  0.9602001067  -0.1033490622  0.03495500022
-0.02412328025  0.100536819  0.9946408474  0.6316894396
0  0  0  1