pd0: -0.0325531  -0.0556577
dot0: 299.489  182.337
pd1: 0.0968074  -0.0538171
dot1: 431.066  184.208
pd2: 0.0947602  0.075323
dot2: 428.984  315.506
pd3: -0.0339677  0.0738526
dot3: 298.05  314.011



理想位置其次变换矩阵:cto
0.9992263302  0.004501553327  0.03907015675  -0.04015600865
-0.0003224189761  0.9943321037  -0.1063182184  0.006257735766
-0.03932730828  0.1062233663  0.9935642703  0.6342260264
0  0  0  1

当前位置其次变换矩阵:c1to
0.9656238248  0.259912734  0.00399996914  -0.05973879179
-0.2580643554  0.9603766579  -0.1052590304  0.03254083422
-0.03119963935  0.100608378  0.9944367938  0.6329095078
0  0  0  1


理想位置其次变换矩阵:
0.9991780844  0.003740961692  0.04036286439  -0.04657510515
0.0005374775489  0.9944221829  -0.1054714809  0.006428594252
-0.04053229249  0.1054064863  0.9936028411  0.6321370671
0  0  0  1

当前位置其次变换矩阵:
0.9654446338  0.2605918324  -0.002925058252  -0.06516545074
-0.2594893571  0.9602001067  -0.1033490622  0.03495500022
-0.02412328025  0.100536819  0.9946408474  0.6316894396
0  0  0  1



eV0: -0.01595651794
eV1: 0.002095016853
eV2: 0.01089162691
eV3: -0.0002203051726
eV4: 0.01218429167
eV5: -0.1297180056

eV0: -0.016327678
eV1: 0.002268321276
eV2: 0.01078114584
eV3: 5.066167257e-005
eV4: 0.01280740369
eV5: -0.1297082228

eV0: -0.01610341185
eV1: 0.0019062336
eV2: 0.01092552034
eV3: -0.000526146153
eV4: 0.0124131874
eV5: -0.1297575891

eV0: -0.0157386671
eV1: 0.001572819986
eV2: 0.01100210411
eV3: -0.001052096468
eV4: 0.01182643824
eV5: -0.1298053379

eV0: -0.01616275122
eV1: 0.002209823119
eV2: 0.01088075277
eV3: -3.823817636e-005
eV4: 0.01252071541
eV5: -0.1296992875

eV0: -0.01558865098
eV1: 0.001208342802
eV2: 0.01114941864
eV3: -0.0008780652042
eV4: 0.01010039301
eV5: -0.1301022764



eV0: -0.01998722415
eV1: 0.00453731725
eV2: 0.01051569098
eV3: -0.004877424773
eV4: 0.01626985342
eV5: -0.1275187787

eV0: -0.02040914268
eV1: 0.004840826012
eV2: 0.01042361982
eV3: -0.004369574757
eV4: 0.01700544366
eV5: -0.1273499213

eV0: -0.0202722914
eV1: 0.004798781136
eV2: 0.01037191812
eV3: -0.004444761657
eV4: 0.0168457242
eV5: -0.1271874442

eV0: -0.02046455222
eV1: 0.004583593996
eV2: 0.01030981736
eV3: -0.004778111752
eV4: 0.01717884405
eV5: -0.1271699638

eV0: -0.02036131841
eV1: 0.004188492012
eV2: 0.01036139906
eV3: -0.005402591806
eV4: 0.01699797177
eV5: -0.1272247766




///////////////
eV0: -3.210481476e-005
eV1: 0.006411992852
eV2: -0.01044422785
eV3: -0.003545995384
eV4: 0.002137956769
eV5: 0.1291572631

eV0: -0.0001129730361
eV1: 0.006711604219
eV2: -0.01038072349
eV3: -0.00400350178
eV4: 0.001990455301
eV5: 0.1291341765

eV0: -0.0002823353732
eV1: 0.005967365305
eV2: -0.0105359877
eV3: -0.002890274145
eV4: 0.001657705431
eV5: 0.1291260011

eV0: -7.255022065e-006
eV1: 0.006202351168
eV2: -0.01046867518
eV3: -0.003209108055
eV4: 0.002100335387
eV5: 0.1289294454


/////////////////cme fme
-0.005729034173
0.003444707375
-0.001152569552
0.002420387991
-0.005745129881
0.04491281478


-0.005589237791
0.003272790978
-0.001190055632
0.002788260678
-0.005534669181
0.0449369533


-0.005131823858
0.003864046984
-0.001107111619
0.001963535104
-0.004910355986
0.04508036232


-0.005601803981
0.004087300639
-0.001050931012
0.001612339727
-0.00578758753
0.04509317266


-0.005187475752
0.004153566504
-0.001065748724
0.001499237869
-0.005039236744
0.04506954071


-0.004788840796
0.003867429597
-0.001004210881
0.001919605578
-0.004387097387
0.04468804183

//////
-0.006301946205
0.004542332962
0.0008497021979
0.004825625851
1.733195255e-005
-0.04452754511

-0.006025201217
0.004531078623
0.0008591419536
0.004808969801
-0.0005151664724
-0.04449933162


-0.006013146498
0.004075624627
0.0009412797449
0.003964933878
-0.0003920968504
-0.04417400837


-0.006303234541
0.004334836693
0.0008521387051
0.004600123491
9.868103855e-005
-0.04390177438


-0.005653765555
0.004184296371
0.0008563267913
0.004278806312
-0.001213621598
-0.04384827727